31984240
38472824
91219716
10039616
40438938
60083762
17382114
51253239
47392853
31028600
79133772
53137521
57377327
78254398
95388405
37266705
68944854
52268979
96012746
27979320
28092292
80524854
69686141
83341626
23971641
92883579
36675399
46256077
59743947
45867629
65266927
43590563
77685785
45606148
59787830
60121213
76853534
13780473
86868359
85543735
11571797
81615137
15124889
41940554
28416771
81210662
68353946
46010606
10350699
74004874
86517660
84977359
50760051
73232859
36452770
96284207
99968085
57113443
91746293
26802069
42483138
94067865
65305663
13226307
78966309
51441047
75188903
17623381
34718400
99794594
10600116
91714243
41756586
87610793
12641793
36193434
42689753
63041481
59720496
52332997
46477308
17999854
82983690
66562293
72430853
47467535
52476083
43726001
36465407
49840316
38659188
51823414
73242117
63111013
90770658
94501092
90379154
64990690
41621069
46471359
22395568
27460752
12270736
65574484
80898875
15404491
59303809
71418269
24095246
51898163
27253816
23245934
71815159
72755738
75203749
86442336
30986319
94065147
42306602
17297022
30704152
46817339
86852436
59824129
67710401
49991447
78823841
26801209
51697276
39269219
22882055
20311136
73761900
52296178
35526084
53735935
73322924
50759169
57509503
66873437
45820549
69747906
95953371
10774653
14583012
51345696
98772416
24061510
87362520
38306073
79502759
12571951
36009193
68351630
38856344
76174555
35342886
74595711
84466258
39733445
49025159
68182526
72340826
52251480
17323136
87183338
97159898
72373464
47795223
53988830
99570809
27302722
34195500
81532449
77198500
36060321
56416869
98127814
42381639
34368465
69953221
86100519
39397527
32568662
57537219
35033774
23072958
24218673
97110436
14558352
75094123
61112830
55149729
64868615
80670296
45016842
72590878
17672717
75114042
53976236
23743851
36936964
62531580
86293354
99183075
50805515
34344453
12273960
97662008
81160162
45480845
32851666
32881138
94856774
88921968
85952569
54477775
70212313
74413320
69612916
20202642
50943922
27703573
93623141
82462688
49933168
33754272
82350494
93719326
57322840
27162539
24818195
33105263
20967431
78190154
58636129
42854176
86015415
97890384
30455363
75328101
71029016
65796975
89046560
61326340
55179040
28479962
57894144
52526109
79630726
95852407
87758484
20744849
75220252
25013009
59597464
93887584
92708773
78453449
82122820
95482340
39720248
65602842
67769074
11055781
86206973
62402938
11902719
33728426
84977465
47844956
40533491
94484054
48429222
10547817
67785937
48339919
29572702
90830293
26414336
67674983
61638936
87464299
92983991
49498453
61721926
50310479
68809987
81129352
91757941
58325656
78222946
72800961
13504573
84762546
80660736
13004411
45816037
38838749
33649117
28225651
52418764
91872957
26694763
44206167
26847149
50663704
25601549
23854102
24594062
91256686
82700102
